1 [1]
2 [1]
3 [3]
4 [1, 2]
5 [2, 4]
6 [3, 6]
7 [1, 3, 5]
8 [2, 4, 7]
9 [3, 6, 9]
10 [1, 4, 5, 8]
11 [2, 5, 7, 10]
12 [3, 6, 9, 12]
13 [1, 4, 6, 8, 11]
14 [2, 5, 7, 10, 13]
15 [3, 6, 9, 12, 15]
16 [1, 4, 7, 8, 11, 14]
17 [2, 5, 8, 10, 13, 16]
18 [3, 6, 9, 12, 15, 18]
19 [1, 4, 7, 9, 11, 14, 17]
20 [2, 5, 8, 10, 13, 16, 19]
21 [3, 6, 9, 12, 15, 18, 21]
22 [1, 4, 7, 10, 11, 14, 17, 20]
23 [2, 5, 8, 11, 13, 16, 19, 22]
24 [3, 6, 9, 12, 15, 18, 21, 24]
25 [1, 4, 7, 10, 12, 14, 17, 20, 23]
26 [2, 5, 8, 11, 13, 16, 19, 22, 25]
27 [3, 6, 9, 12, 15, 18, 21, 24, 27]
28 [1, 4, 7, 10, 13, 14, 17, 20, 23, 26]
29 [2, 5, 8, 11, 14, 16, 19, 22, 25, 28]
30 [3, 6, 9, 12, 15, 18, 21, 24, 27, 30]
31 [1, 4, 7, 10, 13, 15, 17, 20, 23, 26, 29]
32 [2, 5, 8, 11, 14, 16, 19, 22, 25, 28, 31]
33 [3, 6, 9, 12, 15, 18, 21, 24, 27, 30, 33]
